3,2
10,129
10,207
10,225
10,251
10,128
10,79
10,91
10,277
10,2
10,3
9,7
9,1
9,5
9,2
9,3
8,8
8,12
8,7
8,15
8,2
8,3
34,4
34,3
34,2
34,1
34,0
33,4
33,3
33,2
33,1
33,0
32,3
32,2
32,1
32,0
31,5
31,4
31,3
31,2
31,1
31,0
30,4
30,3
30,2
30,1
30,0
29,68
29,8
29,7
29,6
29,5
29,4
29,3
29,2
29,1
29,0
28,4
28,3
28,1
27,5
27,3
27,1
26,4
26,3
26,1
25,4
25,3
25,1
24,4
24,3
24,1
23,5
23,4
23,3
23,1
20,3
20,2
20,1
19,3
19,2
19,1
18,3
18,1
12,3
12,2
12,1
11,30
11,29
11,28
11,27
11,26
11,25
11,24
11,23
11,22
11,21
11,20
11,19
11,18
11,17
11,16
11,15
11,14
11,13
11,12
11,11
11,10
11,9
14,1
11,8
14,3
11,7
13,1
